0 46.280701754385966
0 55.49122807017544
1 59.17543859649123
1 66.42105263157895
2 69.2982456140351
2 69.15789473684211
3 72.10526315789474
3 74.31578947368422
4 74.6140350877193
4 75.91228070175438
5 75.31578947368422
5 76.26315789473685
6 75.71929824561403
6 78.08771929824562
7 79.12280701754386
7 77.56140350877193
8 78.5438596491228
8 81.26315789473685
9 79.57894736842105
9 78.68421052631578
10 81.52631578947368
10 81.42105263157896
11 81.3859649122807
11 80.89473684210526
12 81.91228070175438
12 82.68421052631578
13 82.71929824561404
13 83.87719298245614
14 85.26315789473685
14 82.63157894736841
15 82.12280701754386
15 84.17543859649123
16 83.26315789473685
16 82.47368421052632
17 84.49122807017544
17 82.15789473684211
18 83.3157894736842
18 84.64912280701755
19 85.31578947368422
19 86.64912280701755
20 85.15789473684211
20 85.10526315789474
21 84.63157894736842
21 85.35087719298245
22 84.98245614035088
22 84.50877192982456
23 83.71929824561404
23 84.08771929824562
24 85.17543859649123
24 85.84210526315789
25 85.42105263157896
25 86.26315789473685
26 85.80701754385964
26 85.03508771929825
27 86.82456140350878
27 86.26315789473685
28 84.31578947368422
28 86.17543859649123
29 85.05263157894737
29 84.28070175438596
30 85.56140350877195
30 85.56140350877195
31 84.78947368421052
31 86.15789473684211
32 84.4561403508772
32 86.35087719298247
33 85.05263157894737
33 86.73684210526316
34 86.75438596491227
34 86.94736842105263
35 85.45614035087719
35 86.61403508771929
36 86.36842105263159
36 86.71929824561404
37 86.52631578947368
37 86.38596491228071
38 85.80701754385964
38 85.82456140350878
39 87.70175438596492
39 86.28070175438597
40 88.57894736842104
40 86.36842105263159
41 85.14035087719299
41 87.7719298245614
42 87.28070175438597
42 85.87719298245614
43 86.28070175438597
43 85.89473684210526
44 86.78947368421052
44 86.15789473684211
45 87.14035087719299
45 86.94736842105263
46 87.98245614035088
46 87.10526315789474
47 87.26315789473685
47 86.54385964912281
48 86.71929824561404
48 86.42105263157896
49 87.82456140350877
49 87.14035087719299
50 85.87719298245614
50 87.01754385964912
51 85.17543859649123
51 87.08771929824562
52 85.78947368421052
52 85.6842105263158
53 85.89473684210526
53 86.63157894736842
54 87.2982456140351
54 87.66666666666666
55 87.0701754385965
55 86.26315789473685
56 87.63157894736842
56 86.59649122807018
57 87.36842105263159
57 87.96491228070175
58 86.9298245614035
58 87.12280701754386
59 87.14035087719299
59 87.9298245614035
60 88.73684210526316
60 89.38596491228071
61 88.85964912280701
61 89.19298245614036
62 89.56140350877193
62 89.24561403508773
63 89.42105263157895
63 88.9298245614035
64 89.0701754385965
64 89.10526315789474
65 89.47368421052633
65 89.19298245614036
66 89.78947368421052
66 89.75438596491227
67 89.89473684210526
67 89.35087719298247
68 89.26315789473685
68 89.19298245614036
69 89.61403508771929
69 89.84210526315789
70 89.19298245614036
70 89.08771929824562
71 89.0
71 88.89473684210526
72 89.14035087719299
72 89.47368421052633
73 89.54385964912281
73 89.42105263157895
74 89.12280701754386
74 89.28070175438597
75 88.96491228070175
75 89.3157894736842
76 89.3157894736842
76 89.17543859649123
77 88.89473684210526
77 89.10526315789474
78 89.17543859649123
78 88.7719298245614
79 89.0701754385965
79 89.2280701754386
80 88.9298245614035
80 89.2280701754386
81 89.35087719298245
81 89.38596491228071
82 89.66666666666666
82 89.33333333333334
83 89.54385964912281
83 89.35087719298245
84 88.71929824561403
84 89.17543859649123
85 89.12280701754386
85 88.7719298245614
86 89.24561403508773
86 89.33333333333334
87 89.75438596491227
87 89.33333333333334
88 89.52631578947367
88 89.24561403508773
89 88.98245614035088
89 89.08771929824562
90 89.33333333333334
90 89.2280701754386
